image: ./011.tif
resolution: 0.015625
origin: [-8.000000, -8.000000, 0.000000]
negate: 0
#occupied_thresh: 0.15
occupied_thresh: 0.15
free_thresh: 0.196
