image: ./futian_lab_map.tif
resolution: 0.015625
origin: [-8.000000, -4.000000, 0.000000]
negate: 0
occupied_thresh: 0.05
free_thresh: 0.196
